82
214
0 1 2.5
1 0 2.5
1 2 2.5
2 1 2.5
2 3 2.5
3 2 2.5
3 4 2.5
4 3 2.5
4 5 2.5
5 4 2.5
5 6 2.5
6 5 2.5
6 7 2.5
7 6 2.5
7 8 2.5
8 7 2.5
8 9 2.5
9 8 2.5
9 10 2.5
10 9 2.5
10 11 2.5
11 10 2.5
11 12 2.5
12 11 2.5
12 13 2.5
13 12 2.5
13 14 2.5
14 13 2.5
14 15 2.5
15 14 2.5
15 16 2.5
16 15 2.5
16 17 2.5
17 16 2.5
17 18 2.5
18 17 2.5
18 19 2.5
19 18 2.5
19 20 2.5
20 19 2.5
20 21 2.5
21 20 2.5
21 22 2.5
22 21 2.5
23 24 2.0
24 23 2.0
24 25 2.0
25 24 2.0
25 26 2.0
26 25 2.0
26 27 2.0
27 26 2.0
27 28 2.0
28 27 2.0
28 29 2.0
29 28 2.0
29 30 2.0
30 29 2.0
30 31 2.0
31 30 2.0
31 32 2.0
32 31 2.0
32 33 2.0
33 32 2.0
33 34 2.0
34 33 2.0
34 35 2.0
35 34 2.0
35 36 2.0
36 35 2.0
37 38 2.2
38 37 2.2
38 39 2.2
39 38 2.2
39 40 2.2
40 39 2.2
40 41 2.2
41 40 2.2
41 42 2.2
42 41 2.2
42 43 2.2
43 42 2.2
43 44 2.2
44 43 2.2
44 45 2.2
45 44 2.2
45 46 2.2
46 45 2.2
46 47 2.2
47 46 2.2
47 48 2.2
48 47 2.2
48 49 2.2
49 48 2.2
49 50 2.2
50 49 2.2
50 51 2.2
51 50 2.2
51 52 2.2
52 51 2.2
52 53 2.2
53 52 2.2
53 54 2.2
54 53 2.2
55 56 2.0
56 55 2.0
56 57 2.0
57 56 2.0
57 58 2.0
58 57 2.0
58 59 2.0
59 58 2.0
59 60 2.0
60 59 2.0
60 61 2.0
61 60 2.0
61 62 2.0
62 61 2.0
62 63 2.0
63 62 2.0
63 64 2.0
64 63 2.0
64 65 2.0
65 64 2.0
66 67 2.5
67 66 2.5
67 68 2.5
68 67 2.5
68 69 2.5
69 68 2.5
69 70 2.5
70 69 2.5
70 71 2.5
71 70 2.5
71 72 2.5
72 71 2.5
72 73 2.5
73 72 2.5
73 74 2.5
74 73 2.5
74 75 2.5
75 74 2.5
75 76 2.5
76 75 2.5
76 77 2.5
77 76 2.5
77 78 2.5
78 77 2.5
78 79 2.5
79 78 2.5
79 80 2.5
80 79 2.5
80 81 2.5
81 80 2.5
1 37
37 1
2 38
38 2
3 39
39 3
4 40
40 4
5 41
41 5
6 42
42 6
7 43
43 7
8 44
44 8
9 45
45 9
10 46
46 10
23 47
47 23
24 48
48 24
25 49
49 25
26 50
50 26
27 51
51 27
28 52
52 28
29 53
53 29
30 54
54 30
55 66
66 55
56 67
67 56
57 68
68 57
58 69
69 58
59 70
70 59
60 71
71 60
61 72
72 61
62 73
73 62
63 74
74 63
64 75
75 64
65 76
76 65
22 81
81 22